{
  "nbformat": 4,
  "nbformat_minor": 0,
  "metadata": {
    "colab": {
      "provenance": [],
      "authorship_tag": "ABX9TyMfmp8OTpmHymBPa3Lz3IbT",
      "include_colab_link": true
    },
    "kernelspec": {
      "name": "python3",
      "display_name": "Python 3"
    },
    "language_info": {
      "name": "python"
    }
  },
  "cells": [
    {
      "cell_type": "markdown",
      "metadata": {
        "id": "view-in-github",
        "colab_type": "text"
      },
      "source": [
        "<a href=\"https://colab.research.google.com/github/xuanpeichu-2025/WIA1007-Week-3/blob/main/push_numpy.ipynb\" target=\"_parent\"><img src=\"https://colab.research.google.com/assets/colab-badge.svg\" alt=\"Open In Colab\"/></a>"
      ]
    },
    {
      "cell_type": "code",
      "execution_count": 7,
      "metadata": {
        "id": "HdGGtd-3OkJj"
      },
      "outputs": [],
      "source": [
        "import numpy as np"
      ]
    },
    {
      "cell_type": "code",
      "source": [
        "a = np.array([[1,2],[1,2]])\n",
        "print(a)"
      ],
      "metadata": {
        "colab": {
          "base_uri": "https://localhost:8080/"
        },
        "id": "Ow0BqQ_oO8EO",
        "outputId": "8cb1f967-f1bf-41fb-eef5-8fe51e3e2bbe"
      },
      "execution_count": 8,
      "outputs": [
        {
          "output_type": "stream",
          "name": "stdout",
          "text": [
            "[[1 2]\n",
            " [1 2]]\n"
          ]
        }
      ]
    },
    {
      "cell_type": "code",
      "source": [
        "b = np.random.random((3,4))\n",
        "print(b)"
      ],
      "metadata": {
        "colab": {
          "base_uri": "https://localhost:8080/"
        },
        "id": "gR1VspSyO_Z_",
        "outputId": "ae71d881-5209-4c57-eab8-a2b0a37feea7"
      },
      "execution_count": 9,
      "outputs": [
        {
          "output_type": "stream",
          "name": "stdout",
          "text": [
            "[[0.69689707 0.52209026 0.94507133 0.5122821 ]\n",
            " [0.2668486  0.28662089 0.46255295 0.1846097 ]\n",
            " [0.13332955 0.82174454 0.05749526 0.7143563 ]]\n"
          ]
        }
      ]
    },
    {
      "cell_type": "code",
      "source": [
        "n1 = np.zeros((2,2))\n",
        "print(n1)"
      ],
      "metadata": {
        "colab": {
          "base_uri": "https://localhost:8080/"
        },
        "id": "ftdkvpoePGJy",
        "outputId": "bc3e190e-7d8f-479f-c23d-d54a66452f3e"
      },
      "execution_count": 10,
      "outputs": [
        {
          "output_type": "stream",
          "name": "stdout",
          "text": [
            "[[0. 0.]\n",
            " [0. 0.]]\n"
          ]
        }
      ]
    },
    {
      "cell_type": "code",
      "source": [
        "n2 = np.ones((2,2))\n",
        "print(n2)"
      ],
      "metadata": {
        "colab": {
          "base_uri": "https://localhost:8080/"
        },
        "id": "ximwxiCvPbUg",
        "outputId": "fd51074c-410a-4554-cdd4-f56b708d723b"
      },
      "execution_count": 11,
      "outputs": [
        {
          "output_type": "stream",
          "name": "stdout",
          "text": [
            "[[1. 1.]\n",
            " [1. 1.]]\n"
          ]
        }
      ]
    },
    {
      "cell_type": "code",
      "source": [
        "n3 = np.random.random((6,3))\n",
        "print(n3)\n",
        "print(n3.T)"
      ],
      "metadata": {
        "colab": {
          "base_uri": "https://localhost:8080/"
        },
        "id": "muPrM-ccSv8W",
        "outputId": "53ff3734-f4f2-491f-8915-b99e1985e752"
      },
      "execution_count": 12,
      "outputs": [
        {
          "output_type": "stream",
          "name": "stdout",
          "text": [
            "[[0.14485468 0.74134428 0.71527657]\n",
            " [0.6888988  0.96636193 0.32126134]\n",
            " [0.69636544 0.67023017 0.70706284]\n",
            " [0.21183112 0.25602448 0.55378206]\n",
            " [0.98393178 0.06575583 0.87944781]\n",
            " [0.21076169 0.96897255 0.26675295]]\n",
            "[[0.14485468 0.6888988  0.69636544 0.21183112 0.98393178 0.21076169]\n",
            " [0.74134428 0.96636193 0.67023017 0.25602448 0.06575583 0.96897255]\n",
            " [0.71527657 0.32126134 0.70706284 0.55378206 0.87944781 0.26675295]]\n"
          ]
        }
      ]
    },
    {
      "cell_type": "code",
      "source": [
        "n4 = np.random.random((2,3))\n",
        "n5 = np.random.random((3,4))\n",
        "print(np.dot(n4,n5))"
      ],
      "metadata": {
        "colab": {
          "base_uri": "https://localhost:8080/"
        },
        "id": "K02MjcRiSzBw",
        "outputId": "2de35845-aeac-47d2-ea0e-ca0359fba44f"
      },
      "execution_count": 13,
      "outputs": [
        {
          "output_type": "stream",
          "name": "stdout",
          "text": [
            "[[0.88527799 0.99021135 0.76351852 0.57494371]\n",
            " [0.41555764 0.5050931  0.40878473 0.28778819]]\n"
          ]
        }
      ]
    }
  ]
}